ActionWrapper: _action_space = Box([0. 0.], [1. 1.], (2,), float32), _observation_space = None, _reward_range = None, _metadata = None
DtRewardWrapper: _action_space = None, _observation_space = None, _reward_range = None, _metadata = None, max_reward = 1.2
FrameStack: _action_space = None, _observation_space = Box([[[[0. 0. 0.]
   [0. 0. 0.]
   [0. 0. 0.]
   ...
   [0. 0. 0.]
   [0. 0. 0.]
   [0. 0. 0.]]

  [[0. 0. 0.]
   [0. 0. 0.]
   [0. 0. 0.]
   ...
   [0. 0. 0.]
   [0. 0. 0.]
   [0. 0. 0.]]

  [[0. 0. 0.]
   [0. 0. 0.]
   [0. 0. 0.]
   ...
   [0. 0. 0.]
   [0. 0. 0.]
   [0. 0. 0.]]

  ...

  [[0. 0. 0.]
   [0. 0. 0.]
   [0. 0. 0.]
   ...
   [0. 0. 0.]
   [0. 0. 0.]
   [0. 0. 0.]]

  [[0. 0. 0.]
   [0. 0. 0.]
   [0. 0. 0.]
   ...
   [0. 0. 0.]
   [0. 0. 0.]
   [0. 0. 0.]]

  [[0. 0. 0.]
   [0. 0. 0.]
   [0. 0. 0.]
   ...
   [0. 0. 0.]
   [0. 0. 0.]
   [0. 0. 0.]]]


 [[[0. 0. 0.]
   [0. 0. 0.]
   [0. 0. 0.]
   ...
   [0. 0. 0.]
   [0. 0. 0.]
   [0. 0. 0.]]

  [[0. 0. 0.]
   [0. 0. 0.]
   [0. 0. 0.]
   ...
   [0. 0. 0.]
   [0. 0. 0.]
   [0. 0. 0.]]

  [[0. 0. 0.]
   [0. 0. 0.]
   [0. 0. 0.]
   ...
   [0. 0. 0.]
   [0. 0. 0.]
   [0. 0. 0.]]

  ...

  [[0. 0. 0.]
   [0. 0. 0.]
   [0. 0. 0.]
   ...
   [0. 0. 0.]
   [0. 0. 0.]
   [0. 0. 0.]]

  [[0. 0. 0.]
   [0. 0. 0.]
   [0. 0. 0.]
   ...
   [0. 0. 0.]
   [0. 0. 0.]
   [0. 0. 0.]]

  [[0. 0. 0.]
   [0. 0. 0.]
   [0. 0. 0.]
   ...
   [0. 0. 0.]
   [0. 0. 0.]
   [0. 0. 0.]]]


 [[[0. 0. 0.]
   [0. 0. 0.]
   [0. 0. 0.]
   ...
   [0. 0. 0.]
   [0. 0. 0.]
   [0. 0. 0.]]

  [[0. 0. 0.]
   [0. 0. 0.]
   [0. 0. 0.]
   ...
   [0. 0. 0.]
   [0. 0. 0.]
   [0. 0. 0.]]

  [[0. 0. 0.]
   [0. 0. 0.]
   [0. 0. 0.]
   ...
   [0. 0. 0.]
   [0. 0. 0.]
   [0. 0. 0.]]

  ...

  [[0. 0. 0.]
   [0. 0. 0.]
   [0. 0. 0.]
   ...
   [0. 0. 0.]
   [0. 0. 0.]
   [0. 0. 0.]]

  [[0. 0. 0.]
   [0. 0. 0.]
   [0. 0. 0.]
   ...
   [0. 0. 0.]
   [0. 0. 0.]
   [0. 0. 0.]]

  [[0. 0. 0.]
   [0. 0. 0.]
   [0. 0. 0.]
   ...
   [0. 0. 0.]
   [0. 0. 0.]
   [0. 0. 0.]]]


 [[[0. 0. 0.]
   [0. 0. 0.]
   [0. 0. 0.]
   ...
   [0. 0. 0.]
   [0. 0. 0.]
   [0. 0. 0.]]

  [[0. 0. 0.]
   [0. 0. 0.]
   [0. 0. 0.]
   ...
   [0. 0. 0.]
   [0. 0. 0.]
   [0. 0. 0.]]

  [[0. 0. 0.]
   [0. 0. 0.]
   [0. 0. 0.]
   ...
   [0. 0. 0.]
   [0. 0. 0.]
   [0. 0. 0.]]

  ...

  [[0. 0. 0.]
   [0. 0. 0.]
   [0. 0. 0.]
   ...
   [0. 0. 0.]
   [0. 0. 0.]
   [0. 0. 0.]]

  [[0. 0. 0.]
   [0. 0. 0.]
   [0. 0. 0.]
   ...
   [0. 0. 0.]
   [0. 0. 0.]
   [0. 0. 0.]]

  [[0. 0. 0.]
   [0. 0. 0.]
   [0. 0. 0.]
   ...
   [0. 0. 0.]
   [0. 0. 0.]
   [0. 0. 0.]]]], [[[[1. 1. 1.]
   [1. 1. 1.]
   [1. 1. 1.]
   ...
   [1. 1. 1.]
   [1. 1. 1.]
   [1. 1. 1.]]

  [[1. 1. 1.]
   [1. 1. 1.]
   [1. 1. 1.]
   ...
   [1. 1. 1.]
   [1. 1. 1.]
   [1. 1. 1.]]

  [[1. 1. 1.]
   [1. 1. 1.]
   [1. 1. 1.]
   ...
   [1. 1. 1.]
   [1. 1. 1.]
   [1. 1. 1.]]

  ...

  [[1. 1. 1.]
   [1. 1. 1.]
   [1. 1. 1.]
   ...
   [1. 1. 1.]
   [1. 1. 1.]
   [1. 1. 1.]]

  [[1. 1. 1.]
   [1. 1. 1.]
   [1. 1. 1.]
   ...
   [1. 1. 1.]
   [1. 1. 1.]
   [1. 1. 1.]]

  [[1. 1. 1.]
   [1. 1. 1.]
   [1. 1. 1.]
   ...
   [1. 1. 1.]
   [1. 1. 1.]
   [1. 1. 1.]]]


 [[[1. 1. 1.]
   [1. 1. 1.]
   [1. 1. 1.]
   ...
   [1. 1. 1.]
   [1. 1. 1.]
   [1. 1. 1.]]

  [[1. 1. 1.]
   [1. 1. 1.]
   [1. 1. 1.]
   ...
   [1. 1. 1.]
   [1. 1. 1.]
   [1. 1. 1.]]

  [[1. 1. 1.]
   [1. 1. 1.]
   [1. 1. 1.]
   ...
   [1. 1. 1.]
   [1. 1. 1.]
   [1. 1. 1.]]

  ...

  [[1. 1. 1.]
   [1. 1. 1.]
   [1. 1. 1.]
   ...
   [1. 1. 1.]
   [1. 1. 1.]
   [1. 1. 1.]]

  [[1. 1. 1.]
   [1. 1. 1.]
   [1. 1. 1.]
   ...
   [1. 1. 1.]
   [1. 1. 1.]
   [1. 1. 1.]]

  [[1. 1. 1.]
   [1. 1. 1.]
   [1. 1. 1.]
   ...
   [1. 1. 1.]
   [1. 1. 1.]
   [1. 1. 1.]]]


 [[[1. 1. 1.]
   [1. 1. 1.]
   [1. 1. 1.]
   ...
   [1. 1. 1.]
   [1. 1. 1.]
   [1. 1. 1.]]

  [[1. 1. 1.]
   [1. 1. 1.]
   [1. 1. 1.]
   ...
   [1. 1. 1.]
   [1. 1. 1.]
   [1. 1. 1.]]

  [[1. 1. 1.]
   [1. 1. 1.]
   [1. 1. 1.]
   ...
   [1. 1. 1.]
   [1. 1. 1.]
   [1. 1. 1.]]

  ...

  [[1. 1. 1.]
   [1. 1. 1.]
   [1. 1. 1.]
   ...
   [1. 1. 1.]
   [1. 1. 1.]
   [1. 1. 1.]]

  [[1. 1. 1.]
   [1. 1. 1.]
   [1. 1. 1.]
   ...
   [1. 1. 1.]
   [1. 1. 1.]
   [1. 1. 1.]]

  [[1. 1. 1.]
   [1. 1. 1.]
   [1. 1. 1.]
   ...
   [1. 1. 1.]
   [1. 1. 1.]
   [1. 1. 1.]]]


 [[[1. 1. 1.]
   [1. 1. 1.]
   [1. 1. 1.]
   ...
   [1. 1. 1.]
   [1. 1. 1.]
   [1. 1. 1.]]

  [[1. 1. 1.]
   [1. 1. 1.]
   [1. 1. 1.]
   ...
   [1. 1. 1.]
   [1. 1. 1.]
   [1. 1. 1.]]

  [[1. 1. 1.]
   [1. 1. 1.]
   [1. 1. 1.]
   ...
   [1. 1. 1.]
   [1. 1. 1.]
   [1. 1. 1.]]

  ...

  [[1. 1. 1.]
   [1. 1. 1.]
   [1. 1. 1.]
   ...
   [1. 1. 1.]
   [1. 1. 1.]
   [1. 1. 1.]]

  [[1. 1. 1.]
   [1. 1. 1.]
   [1. 1. 1.]
   ...
   [1. 1. 1.]
   [1. 1. 1.]
   [1. 1. 1.]]

  [[1. 1. 1.]
   [1. 1. 1.]
   [1. 1. 1.]
   ...
   [1. 1. 1.]
   [1. 1. 1.]
   [1. 1. 1.]]]], (4, 60, 80, 3), float32), _reward_range = None, _metadata = None, num_stack = 4, lz4_compress = False, frames = deque([], maxlen=4)
NormalizeLaneWrapper: _action_space = None, _observation_space = Box([[[0. 0. 0.]
  [0. 0. 0.]
  [0. 0. 0.]
  ...
  [0. 0. 0.]
  [0. 0. 0.]
  [0. 0. 0.]]

 [[0. 0. 0.]
  [0. 0. 0.]
  [0. 0. 0.]
  ...
  [0. 0. 0.]
  [0. 0. 0.]
  [0. 0. 0.]]

 [[0. 0. 0.]
  [0. 0. 0.]
  [0. 0. 0.]
  ...
  [0. 0. 0.]
  [0. 0. 0.]
  [0. 0. 0.]]

 ...

 [[0. 0. 0.]
  [0. 0. 0.]
  [0. 0. 0.]
  ...
  [0. 0. 0.]
  [0. 0. 0.]
  [0. 0. 0.]]

 [[0. 0. 0.]
  [0. 0. 0.]
  [0. 0. 0.]
  ...
  [0. 0. 0.]
  [0. 0. 0.]
  [0. 0. 0.]]

 [[0. 0. 0.]
  [0. 0. 0.]
  [0. 0. 0.]
  ...
  [0. 0. 0.]
  [0. 0. 0.]
  [0. 0. 0.]]], [[[1. 1. 1.]
  [1. 1. 1.]
  [1. 1. 1.]
  ...
  [1. 1. 1.]
  [1. 1. 1.]
  [1. 1. 1.]]

 [[1. 1. 1.]
  [1. 1. 1.]
  [1. 1. 1.]
  ...
  [1. 1. 1.]
  [1. 1. 1.]
  [1. 1. 1.]]

 [[1. 1. 1.]
  [1. 1. 1.]
  [1. 1. 1.]
  ...
  [1. 1. 1.]
  [1. 1. 1.]
  [1. 1. 1.]]

 ...

 [[1. 1. 1.]
  [1. 1. 1.]
  [1. 1. 1.]
  ...
  [1. 1. 1.]
  [1. 1. 1.]
  [1. 1. 1.]]

 [[1. 1. 1.]
  [1. 1. 1.]
  [1. 1. 1.]
  ...
  [1. 1. 1.]
  [1. 1. 1.]
  [1. 1. 1.]]

 [[1. 1. 1.]
  [1. 1. 1.]
  [1. 1. 1.]
  ...
  [1. 1. 1.]
  [1. 1. 1.]
  [1. 1. 1.]]], (60, 80, 3), float32), _reward_range = None, _metadata = None, obs_lo = [0 0 0], obs_hi = [255 255 255]
ResizeObservation: _action_space = None, _observation_space = Box([[[0 0 0]
  [0 0 0]
  [0 0 0]
  ...
  [0 0 0]
  [0 0 0]
  [0 0 0]]

 [[0 0 0]
  [0 0 0]
  [0 0 0]
  ...
  [0 0 0]
  [0 0 0]
  [0 0 0]]

 [[0 0 0]
  [0 0 0]
  [0 0 0]
  ...
  [0 0 0]
  [0 0 0]
  [0 0 0]]

 ...

 [[0 0 0]
  [0 0 0]
  [0 0 0]
  ...
  [0 0 0]
  [0 0 0]
  [0 0 0]]

 [[0 0 0]
  [0 0 0]
  [0 0 0]
  ...
  [0 0 0]
  [0 0 0]
  [0 0 0]]

 [[0 0 0]
  [0 0 0]
  [0 0 0]
  ...
  [0 0 0]
  [0 0 0]
  [0 0 0]]], [[[255 255 255]
  [255 255 255]
  [255 255 255]
  ...
  [255 255 255]
  [255 255 255]
  [255 255 255]]

 [[255 255 255]
  [255 255 255]
  [255 255 255]
  ...
  [255 255 255]
  [255 255 255]
  [255 255 255]]

 [[255 255 255]
  [255 255 255]
  [255 255 255]
  ...
  [255 255 255]
  [255 255 255]
  [255 255 255]]

 ...

 [[255 255 255]
  [255 255 255]
  [255 255 255]
  ...
  [255 255 255]
  [255 255 255]
  [255 255 255]]

 [[255 255 255]
  [255 255 255]
  [255 255 255]
  ...
  [255 255 255]
  [255 255 255]
  [255 255 255]]

 [[255 255 255]
  [255 255 255]
  [255 255 255]
  ...
  [255 255 255]
  [255 255 255]
  [255 255 255]]], (60, 80, 3), uint8), _reward_range = None, _metadata = None, shape = (60, 80)
LaneDetection: _action_space = None, _observation_space = None, _reward_range = None, _metadata = None
Simulator